Kule 11111111. XV
3111111 1111111111 1111111111111 1011 11111 011111; 110 11 1111
111110,1 1011111 11111, 11 11 1 11131, 3111 31111 1 111111111-
plienit 11 111101111111111011 potrebe.

01111 111111111111101111 pred gradskim se 111011 11111111-
1111010 111011111111 11111111, pa mi je toga radi i 0 1111 1111 1011
1 010111 priegledu 311111.

Kule i posjedi. U 1111101 1111 Β111 1V.‚ 101011 podize 011111
113111111031 Gradca na 1101. 11. 3111,11 1111 11111011 11011111
0 311111111111 11111, 11011111 01111111 101111 110101111 011111
01111011 0111111111 1 111111 111111011311111111111111 prostore.
S 103111111110, 11 11111111111 1111111111031 1111103131111 pre·
1111110 1110 1113011111111111111, 1 010 01111110, 1111 1 11111111
11111 prostor 11111 110 111111 1111111 1 96 111111; 1 1111111111 11110
111 1 0111111 15 111111 1111111,1 11 111111.

(1111110 11 103111111110 111030 11110 111 1110111111110111
311111111111 1111 (curia), 111011 prestupak sudio se 110 1111111, 111
je opet s druge 11111111111311111111 110110 11111, 11 111 11 1111
111111 1101111111, 1111011101111 111031 11111110 111111111111
1101101111111 1 1111. U protivnom 1111111 110110 11 11 pred 111011
1111113011 0111111111, 11 11111110, 11 11 01011011111, 11031 11 primio
u 11111 1 11 11 1111101111 10110 1110 10 11111011.

(1111111111 je 1111 111 1101111111 11311110 11 1111011311111011
11011011, 10110 11 1110 1111011110, 1111 1111110111 prostorih mo·
1111 1101131111ῐὶ 1111; 111 11101110 11111011111 11111110 1110 po
1111011 0111111, 3111 11 muz 111111110 1111, 1111011111111 1 1111011
111111, 1110 po 01011110111111111, 11110101 po 1131111 111031. -

Kod prodaje ili kupnje 1111 1111111 prisustvovahu 11111011
»1110111111111 (11111111111111111), 1110111011111011 101 01011111 11-
1031. - Α10 11 31111111 1111111111111 11111, 1111110111 1111 110-
1111011111 1111111111111111 1 1111111111111111111.

(1111110 11 103111111110 1110301111011111111, da 11 111011,
11 31011111 11 1111111111 11 1111 1111111111 111 1111110111 1111, 111
11111111111111111 1111101 111; 1 110 1111 110 111110 uzprkos
toga 110 1111111, 110110 11 111011 1111111111 0111111111 1111111111
15 dana, a 111111111110111111; 111110110 11111110 1111131311111
morali 110110110 11011111111111,110110 111110 1111111111 11111111
010110111, to 11 1111 1111110 1111111111. Νο 1110111 1111 111111 mo-
1111 111111110110111111111. Α10 11 pako bilo 1111, 111111 1011111
111111 1111 po dvie stope 111011 prostori (311111), 1111111011

 

